positive/1704142401.2185776.jpg 2 570 332 68 71 808 207 45 44
positive/1704142469.2728064.jpg 1 289 431 64 60
positive/1704142470.6721802.jpg 1 489 414 42 50
positive/1704142472.1484027.jpg 1 540 342 31 27
positive/1704142473.476372.jpg 1 528 271 43 44
positive/1704142474.9286273.jpg 1 555 336 43 39
positive/1704142486.992255.jpg 1 463 131 50 49
positive/1704142491.972561.jpg 4 471 131 57 46 701 243 46 48 380 382 49 56 591 447 44 32
positive/1704142494.7501848.jpg 7 554 366 40 35 730 273 44 35 238 246 33 24 317 354 42 43 299 389 48 48 343 435 38 37 411 349 59 58
positive/1704142502.5871704.jpg 1 397 246 34 33
positive/1704142503.9899175.jpg 3 241 156 32 32 267 277 36 30 515 268 43 27
positive/1704142505.9255083.jpg 3 537 252 31 31 580 363 36 52 687 400 40 31
positive/1704142507.2345312.jpg 3 557 386 36 34 462 381 44 45 457 458 40 29
positive/1704142508.781946.jpg 3 402 391 36 37 344 382 37 24 355 370 30 24
positive/1704142513.4650433.jpg 1 663 317 64 62
positive/1704142514.5752292.jpg 1 468 363 66 66
positive/1704142519.1696324.jpg 1 580 362 60 72
positive/1704142520.316094.jpg 1 469 374 83 71
positive/1704142523.819065.jpg 1 430 415 35 34
positive/1704142524.8977182.jpg 1 422 348 40 44
positive/1704142527.971751.jpg 3 390 321 57 52 508 518 40 30 504 122 38 29
positive/1704142529.0580752.jpg 3 396 305 56 57 626 188 35 27 386 441 33 33
positive/1704142530.817714.jpg 6 397 343 38 45 384 384 32 25 631 300 33 33 627 120 29 23 314 98 52 44 484 85 44 50
positive/1704142532.2848868.jpg 8 375 243 55 47 632 244 31 23 683 355 28 20 761 409 40 41 777 464 46 48 328 421 50 66 454 452 34 28 321 479 27 30
positive/1704142534.1994827.jpg 12 437 269 31 42 319 191 45 51 251 238 38 43 227 259 27 27 315 280 30 33 366 286 31 29 359 314 41 34 265 405 44 50 404 451 56 62 393 505 36 42 458 542 34 28 732 537 32 23
positive/1704142535.5669947.jpg 11 513 416 32 27 405 307 34 28 370 263 29 28 354 180 34 50 388 221 61 60 488 239 31 26 473 215 23 25 472 177 25 26 469 108 43 47 419 98 50 47 460 203 24 26
positive/1704142551.461546.jpg 1 527 131 84 71
positive/1704142672.090917.jpg 1 563 293 57 47
positive/1704142890.4539287.jpg 2 630 520 48 44 702 508 35 29
positive/1704142893.4920099.jpg 1 603 363 56 56
positive/1704142894.3638442.jpg 1 504 383 51 49
positive/1704142895.2181318.jpg 1 454 381 52 41
positive/1704142896.0219817.jpg 1 417 353 59 48
positive/1704142896.8345132.jpg 1 412 322 47 55
positive/1704142897.6409385.jpg 1 428 276 53 53
positive/1704142898.6147776.jpg 1 486 271 50 53
positive/1704142899.8882363.jpg 1 539 303 49 41
positive/1704142905.0473907.jpg 3 565 317 35 18 699 280 30 22 766 288 33 21
positive/1704142906.4699938.jpg 3 534 291 35 25 396 321 33 23 458 310 29 29
positive/1704142910.6670864.jpg 1 435 327 25 30
positive/1704142912.026024.jpg 1 361 312 35 32
positive/1704142913.5077255.jpg 2 641 371 58 50 394 249 31 28
positive/1704142914.6076572.jpg 2 404 353 23 21 493 230 62 47
positive/1704142916.276985.jpg 2 406 304 32 22 490 269 48 49
positive/1704142935.9886014.jpg 1 517 554 35 33
positive/1704142939.5284538.jpg 1 454 489 29 27
positive/1704142941.7393792.jpg 2 460 366 36 28 605 446 36 26
positive/1704142945.601423.jpg 1 450 476 29 32
positive/1704142948.9041905.jpg 1 469 537 35 30
positive/1704142952.547862.jpg 4 389 494 63 57 457 467 46 46 476 442 31 29 527 601 48 37
positive/1704142960.7794235.jpg 4 192 385 55 45 171 431 36 25 271 429 36 19 293 490 34 19
positive/1704142963.103.jpg 4 309 207 39 45 263 189 31 26 291 310 24 28 432 309 51 46
positive/1704142967.1483932.jpg 5 544 293 33 39 571 313 29 23 706 293 19 15 740 280 28 43 713 301 36 46
positive/1704142968.0793226.jpg 4 536 348 51 45 611 402 37 27 654 458 33 51 690 458 42 53
positive/1704142969.02912.jpg 3 525 377 43 38 573 524 27 35 591 543 42 46
positive/1704142976.151229.jpg 4 509 427 38 36 506 459 40 58 541 456 44 52 534 503 26 26
positive/1704142993.8473947.jpg 1 373 477 35 44
positive/1704142997.1871748.jpg 1 316 257 49 49
positive/1704142998.0022006.jpg 1 347 265 45 37
positive/1704142998.8279176.jpg 1 443 256 42 48
positive/1704142999.6703997.jpg 1 508 284 51 47
positive/1704143015.1782684.jpg 2 529 222 45 42 411 131 47 40
positive/1704143017.0736902.jpg 6 481 186 32 34 538 175 49 42 720 169 43 39 554 319 64 59 436 118 41 37 342 96 22 48
positive/1704143018.4707303.jpg 8 253 126 21 29 286 134 19 28 573 179 43 34 616 226 44 35 385 242 45 35 413 316 22 37 443 309 32 51 460 397 34 43
positive/1704143025.7967355.jpg 2 358 305 35 35 261 288 29 33
positive/1704143026.9350245.jpg 2 422 227 44 54 375 173 28 36
positive/1704143027.7220528.jpg 2 578 207 35 41 513 293 41 37
positive/1704143029.1711483.jpg 3 466 374 40 56 527 383 27 34 777 432 50 48
positive/1704143030.1717563.jpg 3 422 358 48 30 427 380 27 22 476 589 46 39
positive/1704143033.2164536.jpg 1 425 497 42 52
positive/1704143039.5734756.jpg 1 643 582 54 52
positive/1704143042.3012571.jpg 1 628 552 42 38
positive/1704143043.2098613.jpg 1 776 412 37 40
positive/1704143045.8585556.jpg 1 255 453 52 50
positive/1704143057.8184922.jpg 2 461 257 25 28 506 134 29 20
positive/1704143060.096823.jpg 1 607 251 34 23
positive/1704143060.8687918.jpg 1 523 394 42 22
positive/1704143061.568697.jpg 1 464 385 43 35
positive/1704143062.2336092.jpg 1 457 389 38 26
positive/1704143064.235293.jpg 3 425 257 28 20 692 451 29 23 819 329 25 22
positive/1704143065.0010338.jpg 3 486 233 26 23 573 440 24 24 750 473 28 21
positive/1704143068.396954.jpg 1 695 353 25 19
positive/1704143069.146773.jpg 2 538 305 29 23 795 461 31 19
positive/1704144046.6130476.jpg 2 683 118 61 56 862 472 43 45
